   0 	 2.000000 	 5.466667 	 8.000000
    1 	 3.000000 	 6.300000 	 9.000000
    2 	 4.000000 	 6.900000 	 9.000000
    3 	 4.000000 	 7.266667 	 9.000000
    4 	 4.000000 	 7.600000 	 9.000000
    5 	 4.000000 	 7.900000 	 9.000000
    6 	 4.000000 	 8.066667 	 9.000000
    7 	 6.000000 	 8.366667 	 9.000000
    8 	 6.000000 	 8.333333 	 9.000000
    9 	 6.000000 	 8.266667 	 9.000000
   10 	 7.000000 	 8.233333 	 9.000000
   11 	 7.000000 	 8.400000 	 9.000000
   12 	 7.000000 	 8.366667 	 9.000000
   13 	 6.000000 	 8.300000 	 9.000000
   14 	 6.000000 	 8.533333 	 9.000000
   15 	 7.000000 	 8.566667 	 9.000000
   16 	 7.000000 	 8.600000 	 9.000000
   17 	 7.000000 	 8.600000 	 9.000000
   18 	 8.000000 	 8.800000 	 9.000000
   19 	 8.000000 	 8.700000 	 9.000000
   20 	 8.000000 	 8.766667 	 9.000000
   21 	 8.000000 	 8.766667 	 9.000000
   22 	 8.000000 	 8.800000 	 9.000000
   23 	 8.000000 	 8.800000 	 9.000000
   24 	 8.000000 	 8.733333 	 9.000000
   25 	 8.000000 	 8.766667 	 9.000000
   26 	 8.000000 	 8.766667 	 9.000000
   27 	 8.000000 	 8.700000 	 9.000000
   28 	 8.000000 	 8.766667 	 9.000000
   29 	 8.000000 	 8.800000 	 9.000000
   30 	 8.000000 	 8.833333 	 9.000000
   31 	 8.000000 	 8.866667 	 9.000000
   32 	 8.000000 	 8.933333 	 9.000000
   33 	 8.000000 	 8.966667 	 9.000000
   34 	 9.000000 	 9.000000 	 9.000000
   35 	 9.000000 	 9.000000 	 9.000000
   36 	 9.000000 	 9.000000 	 9.000000
   37 	 8.000000 	 8.966667 	 9.000000
   38 	 9.000000 	 9.000000 	 9.000000
   39 	 9.000000 	 9.000000 	 9.000000
   40 	 8.000000 	 8.966667 	 9.000000
   41 	 8.000000 	 8.966667 	 9.000000
   42 	 9.000000 	 9.000000 	 9.000000
   43 	 8.000000 	 8.966667 	 9.000000
   44 	 8.000000 	 8.966667 	 9.000000
   45 	 8.000000 	 8.966667 	 9.000000
   46 	 8.000000 	 8.933333 	 9.000000
   47 	 8.000000 	 8.966667 	 9.000000
   48 	 8.000000 	 8.966667 	 9.000000
   49 	 9.000000 	 9.000000 	 9.000000
   50 	 8.000000 	 9.000000 	 10.000000
   51 	 8.000000 	 9.033333 	 10.000000
   52 	 9.000000 	 9.033333 	 10.000000
   53 	 8.000000 	 9.033333 	 10.000000
   54 	 9.000000 	 9.033333 	 10.000000
   55 	 8.000000 	 9.033333 	 10.000000
   56 	 8.000000 	 9.000000 	 10.000000
   57 	 9.000000 	 9.066667 	 10.000000
   58 	 9.000000 	 9.100000 	 10.000000
   59 	 9.000000 	 9.166667 	 10.000000
 